NumbOvens 
2
NumJobs
100
OvenCapacity
20
25
SpaceOccupiedPerJob
19
6
19
18
8
11
13
17
8
20
1
4
13
9
7
9
14
16
13
6
9
16
8
1
9
3
17
5
11
14
12
9
14
20
17
4
20
17
2
7
15
8
17
7
20
18
1
10
2
16
6
3
6
19
8
8
14
19
4
16
8
18
7
5
1
5
7
7
14
15
16
17
13
17
2
20
6
19
15
10
16
1
11
9
2
15
14
20
19
9
13
17
6
5
17
4
2
7
13
3
TimeNecessaryforEachJob
30
7
23
24
22
28
2
5
17
8
26
27
27
9
26
8
28
13
2
26
24
2
21
4
13
24
27
9
2
12
17
7
20
23
18
28
29
16
17
21
30
12
27
8
26
5
20
5
13
4
8
12
14
25
14
4
26
10
1
10
10
8
28
11
11
26
9
17
28
25
17
20
13
18
1
14
28
12
20
26
3
7
1
6
4
27
8
27
9
21
22
23
17
1
26
8
10
23
8
17
