NumbOvens 
4
NumJobs
100
OvenCapacity
18
20
25
27
SpaceOccupiedPerJob
3
3
14
18
5
8
1
11
5
11
12
13
17
12
9
7
3
17
2
3
10
9
1
13
18
13
7
11
13
4
6
10
18
10
7
20
19
3
20
18
15
5
12
3
7
3
17
2
13
4
19
17
14
3
5
19
4
8
13
19
20
7
15
17
20
19
6
16
1
2
2
4
11
19
1
11
1
20
9
19
10
1
5
1
12
1
12
20
19
11
2
19
10
19
8
9
18
3
2
3
TimeNecessaryforEachJob
10
7
10
7
3
4
10
7
7
9
6
2
10
8
7
9
6
7
9
8
7
9
4
7
9
7
3
2
5
9
5
9
6
6
9
5
6
1
1
7
9
5
7
7
1
5
6
6
4
1
7
6
5
2
1
7
9
6
5
1
5
3
5
1
6
6
3
5
7
2
7
1
6
7
8
10
10
3
3
1
10
5
9
10
10
6
9
4
5
2
3
3
2
8
1
6
10
2
2
1
