NumbOvens 
2
NumJobs
100
OvenCapacity
20
25
SpaceOccupiedPerJob
20
18
15
17
11
7
12
12
11
20
11
9
19
1
7
11
8
3
9
6
10
2
8
4
14
4
4
16
3
1
10
20
7
17
8
1
20
19
18
4
8
20
11
11
9
14
7
17
17
17
17
2
5
7
17
6
14
11
9
7
13
18
19
1
7
8
9
14
20
16
20
10
1
1
2
13
8
11
11
2
11
7
1
14
7
2
19
6
2
9
15
13
2
1
8
1
13
11
18
19
TimeNecessaryforEachJob
5
6
5
3
8
7
7
3
3
4
1
7
7
9
2
8
6
3
1
4
7
3
1
3
9
6
9
7
5
3
8
8
1
2
7
10
9
2
3
8
7
1
4
4
9
8
7
1
7
8
3
2
2
5
8
3
5
7
7
5
5
2
5
10
8
2
6
4
6
7
1
7
6
3
6
7
10
7
6
8
3
2
1
2
8
3
2
9
10
3
4
3
5
5
6
8
10
2
8
9
