NumbOvens 
2
NumJobs
100
OvenCapacity
20
25
SpaceOccupiedPerJob
16
1
13
19
19
14
11
3
16
6
9
15
8
2
16
3
14
2
4
14
20
12
16
8
5
14
16
13
19
6
6
10
4
17
6
17
15
13
17
10
8
13
3
9
14
17
3
14
4
17
15
8
13
4
6
5
9
5
18
20
4
3
5
12
1
18
18
12
8
9
11
3
20
13
11
19
4
14
13
12
11
5
3
14
13
14
20
3
7
14
6
10
18
15
16
17
12
19
14
12
TimeNecessaryforEachJob
10
5
22
11
6
25
30
21
2
22
9
15
12
15
10
21
2
27
13
3
1
15
14
9
3
23
8
14
20
2
20
5
18
30
12
10
18
14
9
8
10
22
6
23
30
30
17
11
19
25
14
16
21
21
4
11
24
6
25
2
3
9
18
27
30
11
1
15
20
24
14
25
30
12
16
23
14
5
9
20
26
5
14
5
30
26
8
5
17
28
8
18
8
10
8
23
26
10
3
4
