NumbOvens 
2
NumJobs
100
OvenCapacity
20
25
SpaceOccupiedPerJob
19
14
15
15
15
11
9
7
11
17
5
14
7
15
9
10
5
19
16
1
13
10
7
18
18
19
3
7
10
13
8
8
1
14
6
19
12
10
18
9
4
9
19
12
17
8
13
2
20
10
5
4
9
2
7
6
13
15
17
14
3
17
9
7
12
6
12
20
8
15
8
1
11
15
14
1
4
4
8
9
13
17
19
20
15
8
20
16
19
9
1
20
17
15
17
13
8
14
15
18
TimeNecessaryforEachJob
2
7
6
2
1
10
3
10
5
10
2
8
1
8
6
3
7
10
5
2
7
5
10
4
1
4
1
10
8
1
10
10
4
10
7
4
8
8
5
2
8
4
6
10
9
2
4
6
7
1
9
3
7
9
10
1
2
9
7
1
1
1
5
1
7
10
6
2
1
2
4
5
7
7
7
1
7
10
9
4
3
4
4
6
3
2
2
8
4
4
8
8
9
7
5
3
8
5
7
5
